# Claps
801
813
837
849
2364
2375
2398
2410
4703
4716
4740
4752
5486
5498
5520
5531
7046
7058
7081
7093
7826
7838
7862
7874
# Intro
204
254
277
301
399
423
447
471
496
581
594
643
668
692
739
756
775
# Buildup 1
900
933
952
969
1094
1128
1147
1164
1240
1287
1324
1342
1358
1436
1447
1459
1485
1519
1537
1554
1633
# Guitar 1
1667
1752
1767
1817
1827
1840
1851
1864
1961
2024
2035
2046
2058
2204
2215
2229
2240
2254
# Buildup 2
2461
2496
2513
2530
2656
2692
2709
2725
2799
2849
2886
2902
2919
2995
3008
3020
3047
3081
3098
3115
3190
# Guitar 2
3228
3255
3278
3301
3324
3374
3386
3400
3411
3424
3521
3548
3572
3596
3619
3644
3667
3692
3717
3765
3910
3960
3984
4009
# Guitar 1 bis
4095
4107
4156
4168
4181
4192
4205
4302
4362
4374
4385
4398
4484
4495
4546
4558
4570
4581
4595
4638
4656
# Guitar 3
4802
4861
4873
4957
4970
5094
5106
5118
5130
5142
5155
5167
5180
5270
5292
5318
5343
5366
5377
5387
5399
5410
5422
5435
5446
5465
# Buildup 3
5584
5594
5618
5635
5653
5778
5790
5814
5829
5846
5923
5935
5972
5985
6009
6025
6041
6119
6130
6142
6168
6180
6204
6220
6237
6313
6324
# Guitar Finale
6348
6375
6399
6423
6435
6448
6472
6496
6508
6521
6532
6545
6570
6594
6619
6632
6644
6668
6693
6703
6716
6727
6740
6765
6789
6814
6825
6839
6863
6888
6899
6911
6922
6936
6961
6983
7000
7017
7131
7156
7180
7205
7216
7230
7253
7278
7290
7302
7314
7326
7352
7375
7401
7413
7425
7450
7474
7484
7497
7508
7521
7547
7571
7596
7607
7620
7645
7669
7681
7693
7704
7717
7742
7764
7782
7799
